{
 "cells": [
  {
   "cell_type": "markdown",
   "metadata": {},
   "source": [
    "# A\n",
    "\n",
    "|   | Configuração 1 | Configuração 2 | Configuração 3 | Configuração 4 |\n",
    "|-|-|-|-|-|\n",
    "|   $\\theta_1 $  |$0 ^\\mathrm{o}$|$90 ^\\mathrm{o}$|$0 ^\\mathrm{o}$|$60 ^\\mathrm{o}$|\n",
    "|   $\\theta_2 $  |$0 ^\\mathrm{o}$|$0 ^\\mathrm{o}$|$90 ^\\mathrm{o}$|$30 ^\\mathrm{o}$|\n",
    "|   $d_3 $  |$-0.5 \\mathrm{m}$|$-0.5 \\mathrm{m}$|$-0.5 \\mathrm{m}$|$-0.5 \\mathrm{m}$|"
   ]
  },
  {
   "cell_type": "markdown",
   "metadata": {},
   "source": [
    "|   | $a_i$ |    $\\alpha_i$    |   $d_i$   |    $\\theta_i$    |\n",
    "|:-:|:-----:|:----------------:|:---------:|:---------------:|\n",
    "| 1 |    0  |  90$^\\mathrm{o}$ | $^*$L$_1$ |  $^*$$\\theta_1$ |\n",
    "| 2 | L$_2$ | -90$^\\mathrm{o}$ |     0     |  $^*$$\\theta_2$ |\n",
    "| 3 | 0     |  0$^\\mathrm{o}$  | $^*$d$_3$ |  0$^\\mathrm{o}$ |\n",
    "\n",
    "$A^i_{i-1} = Rot_z(\\theta)Trans_z(d)Trans_x(a)Rot_x(\\alpha)$\n",
    "\n",
    "$$A^i_{i-1} = \\begin{bmatrix}\n",
    " c_{\\theta_i} & -s_{\\theta_i}c_{\\alpha_i} & s_{\\theta_i}s_{\\alpha_i} &  a_i c_{\\theta_i}\\\\ \n",
    " s_{\\theta_i} &  c_{\\theta_i}c_{\\alpha_i}& -c_{\\theta_i}s_{\\alpha_i} & a_i s_{\\theta_i}\\\\ \n",
    " 0 & s_{\\alpha_i} & c_{\\alpha_i} & d_i\\\\ \n",
    " 0 & 0  & 0 & 1\n",
    "\\end{bmatrix}$$\n",
    "\n",
    "\n",
    "\n",
    "\n",
    "\n",
    "\n",
    "$$A^1_{0} = \n",
    "\\begin{bmatrix}\n",
    " c_{\\theta_1} & -s_{\\theta_1}c_{\\alpha_1} & s_{\\theta_1}s_{\\alpha_1} & a_1 c_{\\theta_1}\\\\ \n",
    " s_{\\theta_1} &  c_{\\theta_1}c_{\\alpha_1}& -c_{\\theta_1}s_{\\alpha_1} & a_1 s_{\\theta_1}\\\\ \n",
    " 0 & s_{\\alpha_1} & c_{\\alpha_1} & d_1\\\\ \n",
    " 0 & 0  & 0 & 1\n",
    "\\end{bmatrix} = \n",
    "\\begin{bmatrix}\n",
    " c_{\\theta_1} & 0 & s_{\\theta_1} & 0\\\\ \n",
    " s_{\\theta_1} &  0& -c_{\\theta_1} & 0\\\\ \n",
    " 0 & 1 & 0 & L_1\\\\ \n",
    " 0 & 0  & 0 & 1\n",
    "\\end{bmatrix}\n",
    "$$\n",
    "\n",
    "\n",
    "\n",
    "$$A^2_{0} =\n",
    "\\begin{bmatrix}\n",
    " c_{\\theta_2} & -s_{\\theta_2}c_{\\alpha_2} & s_{\\theta_2}s_{\\alpha_2} & a_2\\ c_{\\theta_2}\\\\ \n",
    " s_{\\theta_2} &  c_{\\theta_2}c_{\\alpha_2}& -c_{\\theta_2}s_{\\alpha_2} & a_2 s_{\\theta_2}\\\\ \n",
    " 0 & s_{\\alpha_2} & c_{\\alpha_2} & d_2\\\\ \n",
    " 0 & 0  & 0 & 1\n",
    "\\end{bmatrix} =\n",
    "\\begin{bmatrix}\n",
    " c_{\\theta_2} & 0 & -s_{\\theta_2} & L_2\\ c_{\\theta_2}\\\\ \n",
    " s_{\\theta_2} & 0 & c_{\\theta_2} & L_2 s_{\\theta_2}\\\\ \n",
    " 0 & -1 & 0 & L_2\\\\ \n",
    " 0 & 0  & 0 & 1\n",
    "\\end{bmatrix}$$\n",
    "\n",
    "\n",
    "\n",
    "$$A^3_{0} =\n",
    "\\begin{bmatrix}\n",
    " c_{\\theta_3} & -s_{\\theta_3}c_{\\alpha_3} & s_{\\theta_3}s_{\\alpha_3} & a_3 c_{\\theta_3}\\\\ \n",
    " s_{\\theta_3} &  c_{\\theta_3}c_{\\alpha_3}& -c_{\\theta_3}s_{\\alpha_3} & a_3 s_{\\theta_3}\\\\ \n",
    " 0 & s_{\\alpha_3} & c_{\\alpha_3} & d_3\\\\ \n",
    " 0 & 0  & 0 & 1\n",
    "\\end{bmatrix} =\n",
    "\\begin{bmatrix}\n",
    " 1 & 0 & 0 & 0\\\\ \n",
    " 0 & 1 & 0 & 0\\\\ \n",
    " 0 & 0 & 1 & d_3\\\\ \n",
    " 0 & 0  & 0 & 1\n",
    "\\end{bmatrix}\n",
    "$$\n",
    "\n"
   ]
  },
  {
   "cell_type": "code",
   "execution_count": 11,
   "metadata": {},
   "outputs": [],
   "source": [
    "import numpy as np\n",
    "def getElementarMatrix(a,alpha,d,theta):\n",
    "    c_theta = np.cos(theta)\n",
    "    s_theta = np.sin(theta)\n",
    "    c_alpha = np.cos(alpha)\n",
    "    s_alpha = np.sin(alpha)\n",
    "\n",
    "    matrix = np.array([\n",
    "        [c_theta,-s_theta*c_alpha,s_theta*s_alpha,a*c_theta],\n",
    "        [s_theta,c_theta*c_alpha,-c_theta*s_alpha,a*s_theta],\n",
    "        [0,s_alpha,c_alpha,d],\n",
    "        [0,0,0,1]\n",
    "    ])\n",
    "\n",
    "    return matrix\n"
   ]
  },
  {
   "cell_type": "code",
   "execution_count": 15,
   "metadata": {},
   "outputs": [
    {
     "name": "stdout",
     "output_type": "stream",
     "text": [
      "+======= Configuração 1\n",
      "+ A_01\n",
      " [[ 1.          0.          0.          0.        ]\n",
      " [ 0.         -0.44807362 -0.89399666  0.        ]\n",
      " [ 0.          0.89399666 -0.44807362  1.        ]\n",
      " [ 0.          0.          0.          1.        ]] \n",
      "\n",
      "+ A_02\n",
      " [[ 1.          0.         -0.          1.        ]\n",
      " [ 0.         -0.44807362  0.89399666  0.        ]\n",
      " [ 0.         -0.89399666 -0.44807362  0.        ]\n",
      " [ 0.          0.          0.          1.        ]] \n",
      "\n",
      "+ A_03\n",
      " [[ 1.  -0.   0.   0. ]\n",
      " [ 0.   1.  -0.   0. ]\n",
      " [ 0.   0.   1.  -0.5]\n",
      " [ 0.   0.   0.   1. ]] \n",
      "\n",
      "None\n",
      "+======= Configuração 2\n",
      "+ A_01\n",
      " [[-0.44807362  0.40057632  0.79923003 -0.        ]\n",
      " [ 0.89399666  0.20076997  0.40057632  0.        ]\n",
      " [ 0.          0.89399666 -0.44807362  1.        ]\n",
      " [ 0.          0.          0.          1.        ]] \n",
      "\n",
      "+ A_02\n",
      " [[ 1.          0.         -0.          1.        ]\n",
      " [ 0.         -0.44807362  0.89399666  0.        ]\n",
      " [ 0.         -0.89399666 -0.44807362  0.        ]\n",
      " [ 0.          0.          0.          1.        ]] \n",
      "\n",
      "+ A_03\n",
      " [[ 1.  -0.   0.   0. ]\n",
      " [ 0.   1.  -0.   0. ]\n",
      " [ 0.   0.   1.  -0.5]\n",
      " [ 0.   0.   0.   1. ]] \n",
      "\n",
      "None\n",
      "+======= Configuração 3\n",
      "+ A_01\n",
      " [[ 1.          0.          0.          0.        ]\n",
      " [ 0.         -0.44807362 -0.89399666  0.        ]\n",
      " [ 0.          0.89399666 -0.44807362  1.        ]\n",
      " [ 0.          0.          0.          1.        ]] \n",
      "\n",
      "+ A_02\n",
      " [[-0.44807362  0.40057632 -0.79923003 -0.44807362]\n",
      " [ 0.89399666  0.20076997 -0.40057632  0.89399666]\n",
      " [ 0.         -0.89399666 -0.44807362  0.        ]\n",
      " [ 0.          0.          0.          1.        ]] \n",
      "\n",
      "+ A_03\n",
      " [[ 1.  -0.   0.   0. ]\n",
      " [ 0.   1.  -0.   0. ]\n",
      " [ 0.   0.   1.  -0.5]\n",
      " [ 0.   0.   0.   1. ]] \n",
      "\n",
      "None\n",
      "+======= Configuração 4\n",
      "+ A_01\n",
      " [[-0.95241298 -0.1365776  -0.27249968 -0.        ]\n",
      " [-0.30481062  0.42675113  0.85145403 -0.        ]\n",
      " [ 0.          0.89399666 -0.44807362  1.        ]\n",
      " [ 0.          0.          0.          1.        ]] \n",
      "\n",
      "+ A_02\n",
      " [[ 0.15425145 -0.4427109   0.88329698  0.15425145]\n",
      " [-0.98803162 -0.069116    0.13790028 -0.98803162]\n",
      " [ 0.         -0.89399666 -0.44807362  0.        ]\n",
      " [ 0.          0.          0.          1.        ]] \n",
      "\n",
      "+ A_03\n",
      " [[ 1.  -0.   0.   0. ]\n",
      " [ 0.   1.  -0.   0. ]\n",
      " [ 0.   0.   1.  -0.5]\n",
      " [ 0.   0.   0.   1. ]] \n",
      "\n",
      "None\n"
     ]
    }
   ],
   "source": [
    "config_1={\"theta_1\":0,\n",
    "          \"theta_2\":0,\n",
    "          \"d_3\":-0.5 }\n",
    "config_2={\"theta_1\":90,\n",
    "          \"theta_2\":0,\n",
    "          \"d_3\":-0.5 }\n",
    "config_3={\"theta_1\":0,\n",
    "          \"theta_2\":90,\n",
    "          \"d_3\":-0.5 }\n",
    "config_4={\"theta_1\":60,\n",
    "          \"theta_2\":30,\n",
    "          \"d_3\":-0.5 }\n",
    "allConfigs = [config_1,config_2,config_3,config_4]\n",
    "\n",
    "def Exercise(theta_1,theta_2,d_3):\n",
    "    A_0_1 = getElementarMatrix(0,90,1,theta_1)\n",
    "    A_0_2 = getElementarMatrix(1,-90,0,theta_2)\n",
    "    A_0_3 = getElementarMatrix(0,0,d_3,0)\n",
    "    \n",
    "    print(\"+ A_01\\n\",A_0_1,\"\\n\")\n",
    "    print(\"+ A_02\\n\",A_0_2,\"\\n\")\n",
    "    print(\"+ A_03\\n\",A_0_3,\"\\n\")\n",
    "    \n",
    "for num, config in enumerate(allConfigs):\n",
    "    print(\"+======= Configuração {}\".format(num+1))\n",
    "    print(Exercise(**config))\n"
   ]
  }
 ],
 "metadata": {
  "kernelspec": {
   "display_name": "Python 3",
   "language": "python",
   "name": "python3"
  },
  "language_info": {
   "codemirror_mode": {
    "name": "ipython",
    "version": 3
   },
   "file_extension": ".py",
   "mimetype": "text/x-python",
   "name": "python",
   "nbconvert_exporter": "python",
   "pygments_lexer": "ipython3",
   "version": "3.5.8"
  }
 },
 "nbformat": 4,
 "nbformat_minor": 4
}
